0
0
0
0
0
0
0
0
0
0
0.018710317
0
0
0.018710317
0
0
0
0
0
0
0
0
0
0
0
0
0
0
0
0
0
0
0.15876316
0.0006967942
0.004952813
0.0000013935884
0.0000027871768
0.0000013935884
0
0.0010424041
0.00005295636
0.00005295636
0.000080828126
0
0.012931107
0.001662551
0.0089147845
0.000036233298
0.000036233298
0.00011566783
0.000045988418
0.000045988418
0.000041807652
0.00004320124
0.000025084591
0.000016723061
0.000025084591
0.000023691002
0.0002146126
0.002143339
0
0
0
0.00064383785
0.0000027871768
0.00075114414
0.0015524575
0.0009281299
0.0008319723
0.0011929116
0.0002884728
0.0003943855
0.0009769055
0.0037264554
0.00046267133
0.00014075243
0.0010981476
0.0024011529
0.000409715
0.00033446122
0.00041389576
0.0000013935884
0.00024666515
0.0008054941
0.0012207835
0.00009476401
0.000040414063
0.00090722606
0.0000027871768
0.00052816997
0.0000069679418
0.0000013935884
0
0.0000027871768
0
0.0011260194
0
0.058745325
0.01149571
0.018665724
0.031001767
0.098027796
0.016969725
0.014158858
0.04721617
0.050548237
0.0008891094
0.0045166197
0.029658347
0.018675478
0.053552814
0.057328045
0.011686632
0.0008877158
0.046395343
0.04639395
0.06589025
0.021518398
0.008098142
0.01661436
0.001205454
0.017634468
0.0013002179
0
0
0
0
0
0
0
0
0
0
0
0
0
0
0
0
0
0
0
0
0
0
0
0
0
0
0
0
0
0
0
0
0
0
0
0
0
0
0
0
0
0
0
0
0
0
0
0
0
0
0
0
0
0
0
0
0
0
0
0
0
0
0
0
0
0
0
0
0
0
0
0
0
0
0
0
0
0
0
0
0
0
0
0
0
0
0
0
0
0
0
0
0
0
0
0
0
0
0
0
0
0
0
0
0
0
0
0
0
0
0
0
0
0
0
0
0
0
0
0
0
0
0
0
0
0
0
0
0
0
0
0
0
